1
1
1
11
1
59
160
559
32
1
299
6
1
107
23
24
4
3
1
70
25
4
1
7
3
2
355
10
1
8
1
474
1
1
1
1056
14
21
8
240
9
101
56
3805
2253
1
324
72
280
3
7
35
1
82
1
12
1
2
6
1
1
5
1
977
3
51
3
2
1
3092
1
4
8
1
4
195
1
1889
343
19
12
997
7
1
137
2051
1
676
52
3
1
5
47
1
1
17
195
60
2
2
16
3
213
1
10
1
177
13
7
3
6
3
321
19
37
14
33
54
1657
1
3
53
2
4
1107
1
5
58
14
1
2
12
14
1
443
4
3
1
1
538
6
2
2
2516
3
55
2
9
4
10
2
11
3
89
1
11
2
4
1103
115
39
1
487
1
8
6
44
34
4
12
4
1
76
262
1
103
40
4
192
6
1
1
57
497
1
275
7
4
9
28
668
34
62
1
5
6
264
17
2
528
51
1
37
1
5
1
5
1
3
4
5
3
1
1233
459
8
1
1
3089
13
1
90
17
2
55
3154
5
30
297
3
1
1
98
6
1280
31
3
7
22
26
2
3326
682
1
4
1
1
1
13
2
1
3
44
11
678
136
7
1
10
4
15
28
30
3
1
3
1
18
4
271
1
63
26
73
1
27
56
7
483
5
6
1
13812
1
3
2600
569
11
6
14
298
10
1
667
3
5
2
294
452
6
106
647
4
1
57
4
1
1
1
1
1
38
2
375
139
2
10
1
1
1
32
7054
309
1
17
3
1
7
1
53
27
10
208
1
145
8
40
2
7
6
60
1
1
391
7
111
36
331
757
12
49
15
2
1
31
6
91
1
40
5
2
427
45
24
1
5
1
162
9
210
10
13227
26
1
27
7
2
40
10
15
25
3
1
860
1
26
6
817
30
1
3
124
3
3
4
3
52
128
6
1
49
8
5
4
16
11
1
9
6
1
5
2
1
1
23
3
1
1
8212
1
2
393
1
6597
1795
28
3
2
1
1
29
17
1
10
258
1
23
23
1
193
1
1
12706
11
3
212
1
3
4
9
1
792
1
1
1
24
4
1
1
2
17
127
399
4
21
1
576
2
2
14
21
22
1
1
1
3
2
1
4
3
2
1
1
1
252
1
3
3
1
55
7
2
1
8
1
916
1
3
35
19
2
70
235
32
15
78
1
11
2
1
196
57
18
1
3
12
1
1
33
7
5
3
1
2
38
1
1
6
1
1
71
1
1
3
213
9
928
8
1
48
1
2
3
4346
35
1
7
2
1
1
1
1
485
269
1
7
6
107
3
1
326
13
6
4
2
11
1
2
39
9
21
80
29
8
31
5
5
4
9
182
1
2
291
5
442
8
381
1
59
3
8
12
10
4
148
1
14
8
1
95
108
2
1
1
4
16
2
3
1
1
6
8
6
1
32
1
2
1
106
4
2
357
6
1
3
4
110
10
157
2
8
5
215
1
9
265
4
1
4393
7
143
35
2
4868
7
31
1
1
1
41
1
1
17
11
15
8
27
2
232
4
1
1
30
82
3
6
4
1
1
1
1
5
15
1
1
2
1
14
1153
2
324
10
35
52
15
2
817
4
1
394
1
11
31
1
86
121
128
1
2
18
33
4
3
265
1
1
1
4
25
30
1
1
2
178
9
1
120
1
125
1
3
5
8
3
2
1
16
172
1
15788
6
7
1031
76
280
760
30
5
2
1
1
5778
245
2
3
4
2
159
269
40
3
6
6
7
2
1
3
4
2
6
8
1
1
34
1
1
4
4
113
12
1
64
25
5
1
5
1
10
3
1
8
222
102
3
2
19
1
5
125
14
7
2
1
1
3
2
1
19
53
38
8
1
146
1
18
7
98
3
13
6
5
2
67
86
2
15
2
10
2
54
1
3
77
1
1
1
17
294
2
1188
4
20
28
175
8
1
15
91
1544
1
1
7
2
8
4
2029
1
9
21
5
8
661
27
614
6
19
1
27
2
1
14
72
19
33
3
9
12
1
1
1
1
9
73
64
1
157
501
8
1
11
3
8
235
4
1
1
5
2
824
10
7
1
5
1
9
4
3
15
2
19
1
3
33
6
12
10726
569
2
6
14
175
2432
1
2122
1
939
80
60
340
1
10
2
1
3
12
1
188
40
6
2
23
27
1
6
748
1
32
19
10
1
1
1
544
77
10
1
13
17
53
7
5
99
18
3
6
98
912
1
3
8
2
13
479
517
2
4
236
5
3
1
40
2
1
3
1
7
5
1
2
2
6
63
3
6
4
1
4
1
1
7
1
3
88
1
6
10
3
1
1
1
75
5
1
2
3
7
1
3
334
2
13
4
1
4
1
2
1
2
1
11
4
1579
2
72
1
4
29
3
2
4
17
2
4
1
2
7
5
7
16
2
19
8
1
3
1
3
54
191
3
7
3666
6
1
1
9
17
126
1
4
17
1
2
2
10
334
40
4
6
2294
11
3
3
1
89
1
2
3
12
15
3
1
161
11
14
1
30
2
13
1
1
1
10
6
5
3
305
3
1
1
7223
1
575
1
1
135
1
37
21
1
1
1
6
1
4
26
355
1
31
20
3
2
12
113
1
1
2610
1201
1
1
1416
28
25
5
1
108
10
14
3
2
150
1
263
1
1
49
26
1
41
63
15
2
1
1
1
314
40
9
409
1
11
1
1
14
1
1
13
4
3
15
37
7
3
120
2
27
1
2
1
2
1
31
62
1
1077
1
5
78
163
1
3
8
39
1
113
2
5
47
15
15
6
1
2
1
1
1
2
5
42
4
25
4
2
1
8
7
3
1
1
1
11
1
2
3
1
14
1
15
1
1
42
1111
15
3
24
2
21
2
11
1
1
6
18
29
1
5
188
42
1
947
48
5
5
10
3
1
4
2
2
6
1
1
11
5
132
10
478
1
70
3
52
1
153
1
2
2
112
84
3
4987
1
2
11
123
10
1
1
1
10
158
8
45
5
1
17
1
11
2
234
10
117
12
1
170
1
1
1
9
1
6
3
1
16
2
49
2
9
1
7
27
31
2
2
1325
339
533
1215
12
7343
6
8
1
2
5
1363
366
2
8
20
1
3
50
2
103
51
337
4
1
2783
1
1
6
6
1
133
24
31
7
1
1
2
14
1
30
6
2
12
2
198
16
3
74
1
71
18
25
4
323
25
259
4
119
2
1
2
69
375
4
4
5
1
45
13
5
1
26
5
1
64
24
5
13
7
42
5
1
1
12
1
5
1
25
1
5
2
2
18
23
3
1
1
201
3
1
1
1
1
259
55
2
49
1
2
42
4
105
8
371
1
1
5
1
1
1
2
3
60
10
1
2670
1
2
2
1
13
5
1
25
1
29
1
1
3
13
4
1011
16
2
4
24
5
1
1
1
1
3
2
12
9
1
64
614
1
45
3
1
4
3
2536
1
10
64
1
1
263
54
1
698
3
2
374
1
5
1
1
1135
3
1
1
2
1
1
1
1
30
95
1
1
1
1
392
3
1
20
9
190
36
1
5
1
89
1
63
12
7
34
2
1681
166
1
177
56
1
33
8
2
6
2
52
3
1
26
10
7
9
2
1
5
23
1
1
3
1
1
2
1
2
1
5
194
1
1
2
18
1
2
9
1
2
5
429
1
1
1
1587
682
543
16
5
1
3
3
60
6
7
1
15
5
12
16
50
1
14
9
1
6
1
1
7
20
11
4
1
44
2
2
1
10
5
129
20
923
54
23
4717
103
1
3
2
4
1
20
3
736
2
1
59
17
4
1
1
13
1
2
1
2
16
2
226
102
1
3
1
5
1
16
3
8
210
3
21
2
2
3
607
15
21
1
12
3
1
2
1
1
1
139
1
1
18
2
186
2
7
3
1
3
1
15
1960
2
1
7
3
10
5
464
16
1
1
4
21962
1
17
1
9
51
3
1
1
1
1
2
2
3
2
5
72
1
1
1
8542
34
4
2
1
13
14
1
13
1
1
1
2
85
1
2229
12
8
10
1
5
1
1
1
3
2
383
1
1
17
1
1
61
1
23
247
1
7
18
233
1
1
1
1
1
50
29
6654
5
48
23
3248
1
35
18
4
2
1
1411
12
11
6
121
1
90
2
6
42
4
3
1
1
32
21
2
1952
12
1
12
22
5
32
315
31
1
1
1
1
32
2
1
3
4
1
141
1
2
3
9
1
4
666
4
1
2
10
8
1130
2
1
1
1
1
2
2
13
1
7
133
1
3
3
2
1
1
3
1
10
1
3
1
3
4
1
2
226
1
99
2
1
1
2
122
49
2
13
1
22
7
28
20
11
28
1
327
1
1
2
32
2
14
2
3
4
1
1
75
1
22
1
1
1
4
1
226
38
1
3
4
1448
1825
59
2
4
1
4
4
36
4
2
12
1
8
1
2
1
3
9
25
24
8
294
1
1
3
1
1
1
73
1
4
4
5
1
19
2
1
2
17
12
1
453
2
148
1
2
24
1
1
3
28
6
1
1
2
69
4
1353
322
644
1180
14
1967
32
2
1
133
332
4895
1
9
1
677
6
2
1
2
50
3
489
20
15
1
3
32
1
14
1
1
1
943
13
8
1
67
9
7
1
5
5
2
1
19
1
1
2
1
10
5
12
12
605
28
4
18
2
10
107
3
13
26
4
8
2
1
1
23
1
17
16
1
9
15
1
19
4
22
3
1
1
3
1
127
68
5
221
10
24
4
1
5
1
24
5
5
318
41
80
4
108
2
1
4
9
2
1
79
51
4
24
1
5
15
1853
2
12
36
7
2
1
1
1213
3
1
10
1
1
1
12
4
471
2
7
26
6
1
1
1
3
2605
856
8
1
2387
14
678
1
621
1
1
1
20
1
5
1
7
5
1
5
1
1
1
11
227
1
3
1
3
16
1
14
2
2
6
1
1
1
20
1
4063
215
2
5
24
25
3
1
1
3
1
10
7
17
3
13
2
2028
48
1
1
29
1283
1
55
4
133
92
1
420
1
1
327
1
1
31
1
17
3
29
757
9
5
1
20
228
156
12
6
2
1
4
2
167
1
71
5
4
146
84
968
9
555
133
7
149
107
1217
4997
55
1
5680
71
87
4
3
2
1
3
1468
2
12
1
6
3
2
1
4
22
1
5
3
8
11
8
3
559
4
8
3
6
3
18
20
23
91
2
8416
100
960
7
6
1
1
21
7
1
1
4
1
2
3
37
1
1
2
25
6
30
85
71
3
1
2
1
8
31
5
3
2
212
14
225
2
1
1
108
1
59
82
161
2
1
2
10
25
10
1660
8
5
1
1
1
1
2
3
1
13
3
2
4
1
415
4
1
4
5
20
3
1
1
491
10
2
5
14
2
95
3
3
10
138
28
12
13
2
2
3
1
79
5
2
2
2
1
93
8
1
100
3
4
684
100
20
12
15
1
150
14
702
32
21
16
1
3
1
5
1
197
1
1
2
2
4
3
17
1
3
1
1
1
1
1
33
103
462
4
1001
1
10
2
63
4
4
1
1213
1
2
3
1030
3
1
301
2
956
6
1
1
1
2
3
2
4
1
571
8
27
15
3
1
5
2
1
11
1
4168
5
5
3
7
30
1
413
1
16
5
1
5
2
5
25
2
13
1
11
1
1
1
5
1
19
1
253
9
4
27
4
1
2
1
1
18
1
2
1
1
2
1
1
1
1
43
63
18
14
1
2
68
14
1
7
1
14
1
365
2
3
20
1071
1
6
21
1
4722
12
11
2
48
30
2938
6
5
17
1
14
33
1
1340
5
130
1
1
40
9
1
219
5
1
2
1
69
1
25
6
5
4
1
5
145
196
2
14
3
504
82
1
15
673
33
30
11
18
1
3
88
4
6
67
2
16
28
21
1
397
1
1
7
10
8
3
2
2
12
1
8
1
15
7
2
11
5
5
9
31
2
5
5
107
1
38
1
3
9
1
23
135
1
2
75
2
9
460
1
26
1
3
188
18
1
1
1
11
8
6
2
2
28
1
195
10
22
1
14
6
1
15
4
27
1
5
1
1481
45
1
3
4
1
104
1
514
988
4
6
111
11
4
29
130
170
928
96
26
15
15
190
4
1061
33
43
1
65
1
2
3
10
1
45
13
2
872
1
697
1
40
125
10
1
12218
7117
12
20
20
10
1
1
6
17
1
1
79
2
1
2
1
4
1
3
2
1
43
5
123
1
636
1
1
4
1
183
13
61
57
311
2
2
39
1
1
1
32
51
25
1
1
3
1
1
4
506
2
8
5
1
2
5
1
1
1
175
3
11
9
20
51
1
2
1
1
3
1
5
3
29
8
765
3
10
3
2034
11
45
11
30
2
1
154
88
1
1
5
2
11
40
4
2
188
1
2
10
7
1
1
1
18
1
37
1
1
22
4
21
1
5
2
2
1
2
6
32042
15
1
40
483
14
2
421
5
6
2
1
184
17
8
16
780
1
8
7
1
2
5
146
1
1
14
2
1
6
1
2
2
7
25
1
5
6
11
27
2
1
2
2
5
10
20
6
22
1
8
10
4226
18
23
2
3
3
1
2
1
2
6
1
1
44
48194
2
1
2
443
7
1007
5
1
6
66
1
31
3
83
1
2
1
13
10
8
31
11
1
1
5
1
1
1
1
5
1
39
1
1
1
1211
8
10
1
1
1
1
1
1
1
1
